succ_size : 6
forward_size : 3
backward_size : 3


# delta x、y、theta
# 0 ~ forward_size - 1  is forward
#  距离要除 8.488265397501225  角度要转换为rad
# 坐标系x为车辆正前方，y为车辆左侧


delta_y : [0, -0.0415893, 0.0415893, 0, -0.0415893, 0.0415893]
delta_x : [0.7068582, 0.705224, 0.705224, -0.7068582, 0.705224, 0.705224]
delta_t_rad : [0, 0.1178097, -0.1178097, 0, -0.1178097, 0.1178097]

#给出距离父节点的距离 方便计算g值
step_size : [6, 6, 6, 6, 6, 6]
delta_t_edg : [0, 6.75, -6.75, 0, -6.75, 6.75]


